SEQUENCE: 
SCORE: total_score cart_bonded dslf_fa13    fa_atr    fa_dun   fa_elec fa_intra_rep fa_intra_sol_xover4              fa_rep              fa_sol hbond_bb_sc hbond_lr_bb    hbond_sc hbond_sr_bb lk_ball_wtd       omega     p_aa_pp rama_prepro         ref yhh_planarity description 
SCORE:      -1.123      13.447     0.000   -62.893    23.432   -22.854        0.288               3.966               7.768              41.253      -3.878      -1.559      -2.453      -6.484      -1.627       1.132      -1.950       5.007       6.283         0.000 MDOCK_14mer_MC_align13mer_0001
SCORE:      -5.722      11.446     0.000   -54.113    19.537   -18.370        0.335               1.964               8.203              32.314      -3.197      -1.769      -1.134      -5.267      -1.652       0.283      -3.368       2.782       6.283         0.000 MDOCK_14mer_MC_align13mer_0002
SCORE:      43.977      53.121     0.000   -62.052    20.954   -22.197        0.261               2.823               9.956              38.821      -4.437      -1.793       0.000      -4.409      -1.493       7.234      -2.240       3.144       6.283         0.000 MDOCK_14mer_MC_align13mer_0003
SCORE:      40.953      51.080     0.000   -52.916    18.047   -21.029        0.483               1.935               7.311              35.548      -1.937      -0.848      -1.536      -6.001      -2.076       5.264      -3.392       4.739       6.283         0.000 MDOCK_14mer_MC_align13mer_0004
SCORE:      -8.538      10.285     0.000   -55.856    15.279   -21.634        0.231               2.990               7.408              43.926      -4.233      -1.512      -1.316      -5.511      -3.332       0.235      -3.227       1.446       6.283         0.000 MDOCK_14mer_MC_align13mer_0005
SCORE:       2.304      12.637     0.000   -55.862    21.562   -16.334        0.593               2.167               8.474              32.439      -3.638      -1.120      -1.031      -4.743      -1.445       0.504      -2.548       4.365       6.283         0.000 MDOCK_14mer_MC_align13mer_0006
SCORE:      -2.728      11.984     0.000   -56.458    17.096   -17.364        0.332               2.422               7.766              37.867      -0.728      -3.041      -1.547      -4.135      -1.893       0.685      -2.871       0.875       6.283         0.000 MDOCK_14mer_MC_align13mer_0007
SCORE:      19.933      37.304     0.000   -54.119    15.882   -11.060        0.331               2.361               7.864              30.070      -3.763      -2.106      -1.473      -3.198      -2.796      -0.153      -2.296       0.801       6.283         0.000 MDOCK_14mer_MC_align13mer_0008
SCORE:     100.371     117.516     0.000   -50.870    17.365   -17.298        0.258               2.542               6.255              29.748      -0.710      -1.463      -1.050      -5.413      -1.526       0.895      -3.111       0.949       6.283         0.000 MDOCK_14mer_MC_align13mer_0009
SCORE:      -3.536      11.245     0.000   -54.193    19.286   -21.708        0.614               2.413               7.636              37.424      -2.451      -0.902      -2.518      -6.075      -2.105       0.435      -3.688       4.767       6.283         0.000 MDOCK_14mer_MC_align13mer_0010
SCORE:      -5.554     0.000   -55.806    15.262   -21.643        0.238               2.985               7.440              43.974      -4.218      -1.497      -1.319      -5.511      -3.370       0.223      -3.262    13.283       1.386       6.283         0.000 0_binder2_MC_0001
